-----------------------------------
Adversarial Strategy: ds
Global Inter arrival: 10.0
adversary fraction: 0.3333333333333333
Block Processing Time: 5.0
-----------------------------------
itr,QueueLen,ConstTh,ResetTh,NumBlocks,NumAttack,NumSuccessAttack,fracSuccessAttack,SimTime
0,35,35,64,129650686,1000000,2779,0.002779,855.5141530000001
1,35,35,64,129614326,1000000,2830,0.00283,855.1601019999998
2,35,35,64,129618881,1000000,2839,0.002839,855.063239000001
3,35,35,64,129625274,1000000,2689,0.002689,856.2826299999997
4,35,35,64,129654500,1000000,2709,0.002709,856.2185100000006
5,35,35,64,129657145,1000000,2857,0.002857,854.3645670000005
6,35,35,64,129638030,1000000,2772,0.002772,854.9217659999995
7,35,35,64,129630153,1000000,2883,0.002883,855.4157560000003
8,35,35,64,129625853,1000000,2857,0.002857,854.9485029999996
9,35,35,64,129601629,1000000,2809,0.002809,853.7323410000008
-----------------------------------
Adversarial Strategy: ds
Global Inter arrival: 10.0
adversary fraction: 0.3333333333333333
Block Processing Time: 5.0
-----------------------------------
itr,QueueLen,ConstTh,ResetTh,NumBlocks,NumAttack,NumSuccessAttack,fracSuccessAttack,SimTime
0,35,35,64,129650686,1000000,2779,0.002779,900.7350959999894
1,35,35,64,129614326,1000000,2830,0.00283,900.2650299999805
2,35,35,64,129618881,1000000,2839,0.002839,899.9708479999972
3,35,35,64,129625274,1000000,2689,0.002689,900.4799070000008
4,35,35,64,129654500,1000000,2709,0.002709,900.7444109999924
5,35,35,64,129657145,1000000,2857,0.002857,900.8490630000015
6,35,35,64,129638030,1000000,2772,0.002772,900.5001979999943
7,35,35,64,129630153,1000000,2883,0.002883,899.5999550000124
8,35,35,64,129625853,1000000,2857,0.002857,899.9361069999868
9,35,35,64,129601629,1000000,2809,0.002809,899.1497049999889
10,35,35,64,129625845,1000000,2814,0.002814,899.4514800000179
11,35,35,64,129660634,1000000,2775,0.002775,901.8123269999924
12,35,35,64,129658902,1000000,2822,0.002822,901.0383139999758
13,35,35,64,129633384,1000000,2823,0.002823,900.9248519999965
