33.0248221007495
16.1850319941298
15.0815070854392
5.72361585974228
5.67947486339465
4.41409963476268
4.14925365667692
3.53127970781015
2.61167561723459
1.83920818115112
1.34409333878524
1.3242298904288
1.25066156318276
1.05202707961844
0.809251599706492
0.594799925784271
0.158171903578996
0.110352490869067
0.088281992695254
0.087546309422793
0.084603576332952
0.080925159970649
0.080925159970649
0.073568327246045
0.073568327246045
0.062533078159138
0.058854661796836
0.058854661796836
0.057795277884493
0.044140996347627
0.036784163623022
0.036784163623022
0.036784163623022
0.036048480350562
0.036048480350562
0.022806181446274
0.015449348721669
0.014713665449209
0.014713665449209
0.014713665449209

