-----------------------------------
Adversarial Strategy: ds
Global Inter arrival: 10.0
adversary fraction: 0.3333333333333333
Block Processing Time: 5.0
-----------------------------------
itr,QueueLen,ConstTh,ResetTh,NumBlocks,NumAttack,NumSuccessAttack,fracSuccessAttack,SimTime
0,15,15,7.5,17476404,1000000,39710,0.03971,76.91341899999999
1,15,15,7.5,17479494,1000000,39661,0.039661,76.765254
2,15,15,7.5,17478903,1000000,39794,0.039794,76.70947799999999
3,15,15,7.5,17473469,1000000,39937,0.039937,76.69371899999999
4,15,15,7.5,17480109,1000000,39662,0.039662,76.75491000000005
5,15,15,7.5,17473305,1000000,39828,0.039828,76.63839899999999
6,15,15,7.5,17477775,1000000,40027,0.040027,76.66368899999998
7,15,15,7.5,17478496,1000000,39921,0.039921,76.61676999999997
8,15,15,7.5,17476982,1000000,39832,0.039832,76.56202100000007
9,15,15,7.5,17487226,1000000,39872,0.039872,76.73131999999998
10,15,15,7.5,17482529,1000000,39900,0.0399,76.61849300000006
11,15,15,7.5,17477890,1000000,40100,0.0401,76.64267400000006
12,15,15,7.5,17481822,1000000,39913,0.039913,76.68981700000006
13,15,15,7.5,17477890,1000000,39978,0.039978,76.66633300000001
14,15,15,7.5,17486177,1000000,39354,0.039354,76.6809189999999
15,15,15,7.5,17474525,1000000,39401,0.039401,76.66649299999995
16,15,15,7.5,17483230,1000000,39735,0.039735,76.63125000000014
17,15,15,7.5,17480979,1000000,40232,0.040232,76.70935199999985
18,15,15,7.5,17480542,1000000,39978,0.039978,76.65572699999984
19,15,15,7.5,17480576,1000000,39373,0.039373,76.7002500000001
20,15,15,7.5,17479020,1000000,39991,0.039991,76.69768399999998
21,15,15,7.5,17481313,1000000,39891,0.039891,76.75028899999984
22,15,15,7.5,17479821,1000000,39640,0.03964,76.64265
23,15,15,7.5,17479218,1000000,39748,0.039748,76.70578100000012
24,15,15,7.5,17477975,1000000,39978,0.039978,76.55833200000006
25,15,15,7.5,17479423,1000000,39888,0.039888,76.7471660000001
26,15,15,7.5,17478398,1000000,39324,0.039324,76.72901199999978
27,15,15,7.5,17484155,1000000,39853,0.039853,77.12567799999988
28,15,15,7.5,17479570,1000000,40035,0.040035,77.45544600000039
29,15,15,7.5,17476771,1000000,39926,0.039926,77.59907000000021
30,15,15,7.5,17483025,1000000,39686,0.039686,77.16377299999976
31,15,15,7.5,17479349,1000000,39609,0.039609,77.15009299999974
32,15,15,7.5,17480468,1000000,39458,0.039458,78.09287700000004
33,15,15,7.5,17479727,1000000,39700,0.0397,77.76899800000001
34,15,15,7.5,17474464,1000000,40109,0.040109,77.69030599999996
35,15,15,7.5,17472221,1000000,39754,0.039754,77.43769800000018
36,15,15,7.5,17474378,1000000,39899,0.039899,79.35890899999958
37,15,15,7.5,17477149,1000000,39873,0.039873,79.73182499999984
38,15,15,7.5,17476418,1000000,39984,0.039984,78.58647799999972
39,15,15,7.5,17487246,1000000,39881,0.039881,79.827225
40,15,15,7.5,17480761,1000000,39808,0.039808,79.28695700000026
41,15,15,7.5,17480891,1000000,39793,0.039793,79.21978399999989
42,15,15,7.5,17477995,1000000,39691,0.039691,78.75286499999993
43,15,15,7.5,17486607,1000000,39538,0.039538,79.46290899999985
44,15,15,7.5,17479465,1000000,39789,0.039789,79.02150200000005
45,15,15,7.5,17474807,1000000,40110,0.04011,78.18723499999987
46,15,15,7.5,17477343,1000000,39708,0.039708,77.77481200000011
47,15,15,7.5,17474616,1000000,39863,0.039863,77.78497500000003
48,15,15,7.5,17478207,1000000,39763,0.039763,78.1440950000001
49,15,15,7.5,17477166,1000000,39573,0.039573,77.66594299999997
50,15,15,7.5,17480499,1000000,39836,0.039836,78.01195099999995
51,15,15,7.5,17478010,1000000,39700,0.0397,78.13540000000012
52,15,15,7.5,17476998,1000000,39452,0.039452,77.7816259999995
53,15,15,7.5,17479739,1000000,39591,0.039591,77.87846400000035
54,15,15,7.5,17480544,1000000,39317,0.039317,78.83260400000017
55,15,15,7.5,17483795,1000000,40023,0.040023,78.11010199999964
56,15,15,7.5,17478974,1000000,39779,0.039779,78.74510400000054
57,15,15,7.5,17479294,1000000,39693,0.039693,79.41496499999994
58,15,15,7.5,17474149,1000000,39617,0.039617,77.92235299999993
59,15,15,7.5,17480830,1000000,39623,0.039623,77.40725999999995
60,15,15,7.5,17480548,1000000,40080,0.04008,77.94417199999953
61,15,15,7.5,17482528,1000000,39432,0.039432,79.01066900000023
62,15,15,7.5,17482167,1000000,40047,0.040047,78.6244569999999
63,15,15,7.5,17476435,1000000,39671,0.039671,77.85848200000055
64,15,15,7.5,17479367,1000000,39984,0.039984,78.03141799999958
65,15,15,7.5,17475713,1000000,39611,0.039611,78.43726500000048
66,15,15,7.5,17476130,1000000,39733,0.039733,78.27934099999948
67,15,15,7.5,17477639,1000000,39992,0.039992,78.32018900000003
68,15,15,7.5,17475986,1000000,39833,0.039833,77.42487800000072
69,15,15,7.5,17474529,1000000,39964,0.039964,78.006797
70,15,15,7.5,17479828,1000000,39649,0.039649,77.93119200000001
71,15,15,7.5,17483819,1000000,39890,0.03989,78.16312999999991
72,15,15,7.5,17481836,1000000,39806,0.039806,77.97057000000041
73,15,15,7.5,17481187,1000000,40314,0.040314,78.69247300000006
74,15,15,7.5,17478988,1000000,39572,0.039572,78.35021000000052
75,15,15,7.5,17477663,1000000,39750,0.03975,78.76895400000012
76,15,15,7.5,17473102,1000000,39367,0.039367,77.90008200000011
77,15,15,7.5,17477594,1000000,40235,0.040235,77.9638130000003
78,15,15,7.5,17479104,1000000,40106,0.040106,78.46951199999967
79,15,15,7.5,17475469,1000000,39910,0.03991,77.86408799999936
80,15,15,7.5,17471099,1000000,39928,0.039928,78.00540799999999
81,15,15,7.5,17469894,1000000,40010,0.04001,78.87587600000006
82,15,15,7.5,17477968,1000000,40393,0.040393,78.81270899999981
83,15,15,7.5,17484373,1000000,39902,0.039902,78.4849180000001
84,15,15,7.5,17476664,1000000,39869,0.039869,78.0176279999996
85,15,15,7.5,17476591,1000000,39961,0.039961,77.84152199999971
86,15,15,7.5,17473855,1000000,39882,0.039882,77.80076399999962
87,15,15,7.5,17486648,1000000,40179,0.040179,78.05677600000035
88,15,15,7.5,17474433,1000000,39640,0.03964,78.19767500000034
89,15,15,7.5,17476712,1000000,39812,0.039812,78.95482699999957
90,15,15,7.5,17475415,1000000,39704,0.039704,78.30284099999972
91,15,15,7.5,17474628,1000000,39779,0.039779,79.04819900000075
92,15,15,7.5,17483846,1000000,39784,0.039784,79.12615900000037
93,15,15,7.5,17478301,1000000,39846,0.039846,78.16275200000018
94,15,15,7.5,17478330,1000000,39719,0.039719,77.78887600000053
95,15,15,7.5,17481898,1000000,39965,0.039965,77.39354999999978
96,15,15,7.5,17479133,1000000,39396,0.039396,77.49988399999984
97,15,15,7.5,17482235,1000000,40050,0.04005,77.91790399999991
98,15,15,7.5,17486884,1000000,39825,0.039825,78.58829100000003
99,15,15,7.5,17477299,1000000,39588,0.039588,78.5280329999996
0,15,15,15,30677030,1000000,41167,0.041167,134.92941599999995
1,15,15,15,30690719,1000000,41483,0.041483,135.08031799999935
2,15,15,15,30683808,1000000,41460,0.04146,135.11441699999978
3,15,15,15,30692966,1000000,41165,0.041165,135.4095440000001
4,15,15,15,30684415,1000000,41277,0.041277,136.28159600000072
5,15,15,15,30666484,1000000,41279,0.041279,135.27436000000125
6,15,15,15,30679025,1000000,41312,0.041312,135.29105100000015
7,15,15,15,30688436,1000000,41278,0.041278,134.797955
8,15,15,15,30685669,1000000,40937,0.040937,136.12786400000005
9,15,15,15,30704549,1000000,41414,0.041414,137.03040699999838
10,15,15,15,30675071,1000000,41208,0.041208,134.50164600000062
11,15,15,15,30694299,1000000,41486,0.041486,134.34928500000024
12,15,15,15,30689125,1000000,40864,0.040864,135.107218000001
13,15,15,15,30680969,1000000,41102,0.041102,134.83872200000042
14,15,15,15,30682843,1000000,40818,0.040818,134.86588099999972
15,15,15,15,30662071,1000000,41228,0.041228,133.50518399999964
16,15,15,15,30684134,1000000,41159,0.041159,133.18753299999844
17,15,15,15,30676362,1000000,41018,0.041018,133.31536899999992
18,15,15,15,30675130,1000000,41476,0.041476,133.39584699999978
19,15,15,15,30690615,1000000,41004,0.041004,133.35105300000032
20,15,15,15,30689494,1000000,40933,0.040933,133.36196500000005
21,15,15,15,30688035,1000000,41532,0.041532,133.5370210000001
22,15,15,15,30682616,1000000,41196,0.041196,133.93055900000036
23,15,15,15,30683289,1000000,41174,0.041174,133.77083499999935
24,15,15,15,30695789,1000000,41104,0.041104,136.22907599999962
25,15,15,15,30676859,1000000,40991,0.040991,134.4966719999993
26,15,15,15,30696956,1000000,40915,0.040915,135.45650700000078
27,15,15,15,30699501,1000000,41028,0.041028,134.8099999999995
28,15,15,15,30678856,1000000,40973,0.040973,134.59918800000014
29,15,15,15,30682929,1000000,41316,0.041316,133.49726499999997
30,15,15,15,30683097,1000000,41245,0.041245,134.04195400000026
31,15,15,15,30671005,1000000,40923,0.040923,133.94029600000067
32,15,15,15,30700236,1000000,40947,0.040947,133.6895600000007
33,15,15,15,30684184,1000000,40766,0.040766,134.38704599999983
34,15,15,15,30684866,1000000,41471,0.041471,136.53663799999958
35,15,15,15,30661527,1000000,41564,0.041564,133.71059799999966
36,15,15,15,30669291,1000000,41218,0.041218,133.97160099999928
37,15,15,15,30677013,1000000,40997,0.040997,133.86004999999932
38,15,15,15,30694460,1000000,40820,0.04082,135.30210699999952
39,15,15,15,30703278,1000000,40924,0.040924,136.12657299999955
40,15,15,15,30683346,1000000,41291,0.041291,135.7342860000008
41,15,15,15,30673844,1000000,41408,0.041408,135.37831800000095
42,15,15,15,30691252,1000000,41156,0.041156,133.8301649999994
43,15,15,15,30665096,1000000,41447,0.041447,133.54842300000018
44,15,15,15,30672987,1000000,41132,0.041132,133.8453869999994
45,15,15,15,30698728,1000000,41197,0.041197,133.8993360000004
46,15,15,15,30690432,1000000,41070,0.04107,133.83666600000106
47,15,15,15,30682371,1000000,41132,0.041132,134.613569000001
48,15,15,15,30686002,1000000,41074,0.041074,135.0854529999997
49,15,15,15,30679454,1000000,41260,0.04126,134.96166699999958
50,15,15,15,30694913,1000000,41046,0.041046,133.79687299999932
51,15,15,15,30678175,1000000,40844,0.040844,133.52752800000053
52,15,15,15,30699590,1000000,40882,0.040882,135.30040999999983
53,15,15,15,30684259,1000000,41115,0.041115,150.62374500000078
54,15,15,15,30690423,1000000,41163,0.041163,140.3543639999989
55,15,15,15,30681555,1000000,41188,0.041188,146.75463200000013
56,15,15,15,30696177,1000000,41138,0.041138,142.8908109999993
57,15,15,15,30676437,1000000,41237,0.041237,135.6872910000002
58,15,15,15,30685878,1000000,41104,0.041104,135.52503799999977
