Strategy of Adversary: mine
Fraction of Adversary: 0.3333333333333333
Global Arrival Rate: 0.09999999999999999
tau: 5
Thresholds: 1e-09
--------------------------------------------------------
queueLen,maxQueueLen,numItr,lateRaw,honestRaw,advRaw,lateFrac,honestFrac,advFrac,time
25,60,273.0,0.0009353131110177103,0.33333567564064714,0.2778169324091085,0.001530408442504043,0.5454213419858456,0.4545786580141546,1196.027474
35,70,307.0,0.00019678729329270934,0.33333392818747404,0.27778918216616955,0.0003220092481510523,0.5454448089756923,0.4545551910243077,2453.447061
45,80,333.0,4.491581319475075e-05,0.3333334878533615,0.2777811180528727,7.349818309144188e-05,0.5454516790006262,0.4545483209993737,5087.930077
55,90,357.0,1.0797277208791143e-05,0.3333333741900953,0.27777876061407586,1.7668242199528724e-05,0.5454536986029754,0.4545463013970245,9862.023399000002
65,100,378.0,2.691114810573239e-06,0.3333333442916791,0.27777806808574085,4.403640246389667e-06,0.5454542944876536,0.45454570551234647,16032.295432
