20 0.0001490129
100 10 228.482 0E-10 0.0001490129
---------
20 0.0001578493
100 9 232.387 0E-10 0.0001578493
---------
20 0.0001678069
100 8 236.293 0E-10 0.0001678069
---------
20 0.0001830128
100 7 242.151 0E-10 0.0001830128
---------
20 0.0002051680
100 6 249.961 0E-10 0.0002051680
---------
20 0.0002420364
100 5 261.677 0E-10 0.0002420364
---------
ubuntu@instance-20191015-0059:~$ vim qBound.py 
ubuntu@instance-20191015-0059:~$ python3 qBound.py 
10 0.2128325153
15 0.0110843049
20 0.0001490129
100 10 228.482 0E-10 0.0001490129
---------
20 0.0001578493
100 9 232.387 0E-10 0.0001578493
---------
20 0.0001678069
100 8 236.293 0E-10 0.0001678069
---------
20 0.0001830128
100 7 242.151 0E-10 0.0001830128
---------
20 0.0002051680
100 6 249.961 0E-10 0.0002051680
---------
20 0.0002420364
100 5 261.677 0E-10 0.0002420364
---------
