20 0.7951920868
21 0.7298734790
22 0.6567139588
23 0.5783349759
24 0.4978629394
25 0.4185467952
26 0.3433767423
27 0.2747745962
28 0.2144024963
29 0.1631051506
30 0.1209713875
31 0.0874806149
32 0.0616917754
33 0.0424354034
34 0.0284796861
35 0.0186545013
36 0.0119294618
37 0.0074507850
225.0 100 578.004 0E-10 0.0074507850
c 		:100
Traceback (most recent call last):
  File "qBound.py", line 196, in <module>
    result = computeZeta(Decimal(adv), Decimal(tau), c, sCurr, minZ)
  File "qBound.py", line 159, in computeZeta
    printRounded(5)
  File "qBound.py", line 113, in printRounded
    print("advFrac 	:"+str(round(advFrac,pc)))
NameError: name 'advFrac' is not defined
sourav:~/EVD-Expt/scripts$ 
sourav:~/EVD-Expt/scripts$ 
sourav:~/EVD-Expt/scripts$ 
sourav:~/EVD-Expt/scripts$ python3 qBound.py 
20 0.7951920868
21 0.7298734790
22 0.6567139588
23 0.5783349759
24 0.4978629394
25 0.4185467952
26 0.3433767423
27 0.2747745962
28 0.2144024963
29 0.1631051506
30 0.1209713875
31 0.0874806149
32 0.0616917754
33 0.0424354034
34 0.0284796861
35 0.0186545013
36 0.0119294618
37 0.0074507850
225.0 100 578.004 0E-10 0.0074507850
c 		:100
advFrac 	:0.25
tau 		:3.0
gLambd 	:0.06667
Traceback (most recent call last):
  File "qBound.py", line 196, in <module>
    result = computeZeta(Decimal(adv), Decimal(tau), c, sCurr, minZ)
  File "qBound.py", line 159, in computeZeta
    printRounded(5)
  File "qBound.py", line 116, in printRounded
    print("delta	:"+str(round(delta,pc)))
NameError: name 'delta' is not defined
sourav:~/EVD-Expt/scripts$ 
sourav:~/EVD-Expt/scripts$ 
sourav:~/EVD-Expt/scripts$ python3 qBound.py 
20 0.7951920868
21 0.7298734790
22 0.6567139588
23 0.5783349759
24 0.4978629394
25 0.4185467952
26 0.3433767423
27 0.2747745962
28 0.2144024963
29 0.1631051506
30 0.1209713875
31 0.0874806149
32 0.0616917754
33 0.0424354034
34 0.0284796861
35 0.0186545013
36 0.0119294618
37 0.0074507850
225.0 100 0.25 3.00 578.004 0.00000 0.00745
20 0.3362572320
21 0.2595884432
22 0.1940451001
23 0.1404489714
24 0.0984484340
25 0.0668513135
26 0.0439949662
27 0.0280737687
28 0.0173795179
29 0.0104439019
30 0.0060958327
137.5 100 0.25 3.00 578.004 0.00000 0.00610
20 0.1258146620
21 0.0846575735
22 0.0549292426
23 0.0343896770
24 0.0207900006
25 0.0121455553
26 0.0068621693
93.75 100 0.25 3.00 578.004 0.00000 0.00686
20 0.0614548346
21 0.0380186084
22 0.0226438397
23 0.0129961268
24 0.0071944071
71.875 100 0.25 3.00 578.004 0.00000 0.00719
20 0.0399559223
21 0.0235972159
22 0.0134077188
23 0.0073368330
60.9375 100 0.25 3.00 578.004 0.00000 0.00734
20 0.0315655853
21 0.0181923221
22 0.0100841742
23 0.0053819293
55.46875 100 0.25 3.00 578.004 0.00000 0.00538
20 0.0279163281
21 0.0158892890
22 0.0086970531
52.734375 100 0.25 3.00 578.004 0.00001 0.00870
20 0.0262310414
21 0.0148369098
22 0.0080701241
51.3671875 100 0.25 3.00 578.004 0.00002 0.00807
Traceback (most recent call last):
  File "qBound.py", line 205, in <module>
    resultData[adv][tau].append(prevResult[0])
AttributeError: 'dict' object has no attribute 'append'
sourav:~/EVD-Expt/scripts$ 
sourav:~/EVD-Expt/scripts$ 
sourav:~/EVD-Expt/scripts$ python3 qBound.py 
20 0.7951920868
21 0.7298734790
22 0.6567139588
23 0.5783349759
24 0.4978629394
25 0.4185467952
26 0.3433767423
27 0.2747745962
28 0.2144024963
29 0.1631051506
30 0.1209713875
31 0.0874806149
32 0.0616917754
33 0.0424354034
34 0.0284796861
35 0.0186545013
36 0.0119294618
37 0.0074507850
225.0 100 0.25 3.00 578.004 0.00000 0.00745
20 0.3362572320
21 0.2595884432
22 0.1940451001
23 0.1404489714
24 0.0984484340
25 0.0668513135
26 0.0439949662
27 0.0280737687
28 0.0173795179
29 0.0104439019
30 0.0060958327
137.5 100 0.25 3.00 578.004 0.00000 0.00610
20 0.1258146620
21 0.0846575735
22 0.0549292426
23 0.0343896770
24 0.0207900006
25 0.0121455553
26 0.0068621693
93.75 100 0.25 3.00 578.004 0.00000 0.00686
20 0.0614548346
21 0.0380186084
22 0.0226438397
23 0.0129961268
24 0.0071944071
71.875 100 0.25 3.00 578.004 0.00000 0.00719
20 0.0399559223
21 0.0235972159
22 0.0134077188
23 0.0073368330
60.9375 100 0.25 3.00 578.004 0.00000 0.00734
20 0.0315655853
21 0.0181923221
22 0.0100841742
23 0.0053819293
55.46875 100 0.25 3.00 578.004 0.00000 0.00538
20 0.0279163281
21 0.0158892890
22 0.0086970531
52.734375 100 0.25 3.00 578.004 0.00001 0.00870
20 0.0262310414
21 0.0148369098
22 0.0080701241
51.3671875 100 0.25 3.00 578.004 0.00002 0.00807
Traceback (most recent call last):
  File "qBound.py", line 207, in <module>
    file1.write(prevZ+",")
TypeError: unsupported operand type(s) for +: 'int' and 'str'
sourav:~/EVD-Expt/scripts$ 
sourav:~/EVD-Expt/scripts$ 
sourav:~/EVD-Expt/scripts$ python3 qBound.py 
20 0.7951920868
21 0.7298734790
22 0.6567139588
23 0.5783349759
24 0.4978629394
25 0.4185467952
26 0.3433767423
27 0.2747745962
28 0.2144024963
29 0.1631051506
30 0.1209713875
31 0.0874806149
32 0.0616917754
33 0.0424354034
34 0.0284796861
35 0.0186545013
36 0.0119294618
37 0.0074507850
225.0 100 0.25 3.00 578.004 0.00000 0.00745
20 0.3362572320
21 0.2595884432
22 0.1940451001
23 0.1404489714
24 0.0984484340
25 0.0668513135
26 0.0439949662
27 0.0280737687
28 0.0173795179
29 0.0104439019
30 0.0060958327
137.5 100 0.25 3.00 578.004 0.00000 0.00610
20 0.1258146620
21 0.0846575735
22 0.0549292426
23 0.0343896770
24 0.0207900006
25 0.0121455553
26 0.0068621693
93.75 100 0.25 3.00 578.004 0.00000 0.00686
20 0.0614548346
21 0.0380186084
22 0.0226438397
23 0.0129961268
24 0.0071944071
71.875 100 0.25 3.00 578.004 0.00000 0.00719
20 0.0399559223
21 0.0235972159
22 0.0134077188
23 0.0073368330
60.9375 100 0.25 3.00 578.004 0.00000 0.00734
20 0.0315655853
21 0.0181923221
22 0.0100841742
23 0.0053819293
55.46875 100 0.25 3.00 578.004 0.00000 0.00538
20 0.0279163281
21 0.0158892890
22 0.0086970531
52.734375 100 0.25 3.00 578.004 0.00001 0.00870
20 0.0262310414
21 0.0148369098
22 0.0080701241
51.3671875 100 0.25 3.00 578.004 0.00002 0.00807
Traceback (most recent call last):
  File "qBound.py", line 208, in <module>
    file2.write(c,prevResult+"\n")
TypeError: can only concatenate tuple (not "str") to tuple
sourav:~/EVD-Expt/scripts$ 
sourav:~/EVD-Expt/scripts$ 
sourav:~/EVD-Expt/scripts$ python3 qBound.py 
20 0.7951920868
21 0.7298734790
22 0.6567139588
23 0.5783349759
24 0.4978629394
25 0.4185467952
26 0.3433767423
27 0.2747745962
28 0.2144024963
29 0.1631051506
30 0.1209713875
31 0.0874806149
32 0.0616917754
33 0.0424354034
34 0.0284796861
35 0.0186545013
36 0.0119294618
37 0.0074507850
225.0 100 0.25 3.00 578.004 0.00000 0.00745
20 0.3362572320
21 0.2595884432
22 0.1940451001
23 0.1404489714
24 0.0984484340
25 0.0668513135
26 0.0439949662
27 0.0280737687
28 0.0173795179
29 0.0104439019
30 0.0060958327
137.5 100 0.25 3.00 578.004 0.00000 0.00610
20 0.1258146620
21 0.0846575735
22 0.0549292426
23 0.0343896770
24 0.0207900006
25 0.0121455553
26 0.0068621693
93.75 100 0.25 3.00 578.004 0.00000 0.00686
20 0.0614548346
21 0.0380186084
22 0.0226438397
23 0.0129961268
24 0.0071944071
71.875 100 0.25 3.00 578.004 0.00000 0.00719
20 0.0399559223
21 0.0235972159
22 0.0134077188
23 0.0073368330
60.9375 100 0.25 3.00 578.004 0.00000 0.00734
20 0.0315655853
21 0.0181923221
22 0.0100841742
23 0.0053819293
55.46875 100 0.25 3.00 578.004 0.00000 0.00538
20 0.0279163281
21 0.0158892890
22 0.0086970531
52.734375 100 0.25 3.00 578.004 0.00001 0.00870
20 0.0262310414
21 0.0148369098
22 0.0080701241
51.3671875 100 0.25 3.00 578.004 0.00002 0.00807
20 0.7951920871
21 0.7298734791
22 0.6567139588
23 0.5783349759
24 0.4978629395
25 0.4185467952
26 0.3433767423
27 0.2747745962
28 0.2144024963
29 0.1631051506
30 0.1209713875
31 0.0874806149
32 0.0616917754
33 0.0424354034
34 0.0284796861
35 0.0186545013
36 0.0119294618
37 0.0074507850
225.0 100 0.25 5.00 578.004 0.00000 0.00745
20 0.3362581835
21 0.2595889073
22 0.1940453262
23 0.1404490814
24 0.0984484873
25 0.0668513392
26 0.0439949784
27 0.0280737743
28 0.0173795202
29 0.0104439027
30 0.0060958331
137.5 100 0.25 5.00 578.004 0.00000 0.00610
20 0.1277840303
21 0.0860844171
22 0.0559630168
23 0.0351386652
24 0.0213326560
25 0.0125387187
26 0.0071470230
93.75 100 0.25 5.00 578.004 0.00028 0.00715
panic......
20 0.1243767698
21 0.0870455273
22 0.0604862874
23 0.0421408783
24 0.0297410382
25 0.0214575824
26 0.0159218229
27 0.0121708871
28 0.0095612829
82.8125 100 0.25 5.00 578.004 0.00855 0.00956
20 0.2567679936
21 0.2139321791
22 0.1813896273
23 0.1566256335
24 0.1375076900
25 0.1223763871


26 0.1100253917
27 0.0996242345
28 0.0906245699
29 0.0826740822
30 0.0755484443
31 0.0691028063
^CTraceback (most recent call last):
  File "qBound.py", line 196, in <module>
    result = computeZeta(Decimal(adv), Decimal(tau), c, sCurr, minZ)
  File "qBound.py", line 152, in computeZeta
    md1Tail = computeMd1Tail(tau*lambd, z, math.pow(2,-30)) 
  File "qBound.py", line 85, in computeMd1Tail
    termProb = computeProb(lambd, qSize)
  File "qBound.py", line 70, in computeProb
    term4 = np.exp(Decimal(j)*lambd)
KeyboardInterrupt
sourav:~/EVD-Expt/scripts$ 
sourav:~/EVD-Expt/scripts$ scp -i ../quorum.pub qBound.py ubuntu@129.213.147.234:
qBound.py                                                                                                  100% 7366    92.8KB/s   00:00    
sourav:~/EVD-Expt/scripts$ 
sourav:~/EVD-Expt/scripts$ scp -i ../quorum.pub qBound.py ubuntu@150.136.213.37:
qBound.py                                                                                                  100% 7366    85.2KB/s   00:00    
sourav:~/EVD-Expt/scripts$ 
sourav:~/EVD-Expt/scripts$ 
sourav:~/EVD-Expt/scripts$ python3 qBound.py 
20 0.7951920868
21 0.7298734790
22 0.6567139588
23 0.5783349759
24 0.4978629394
25 0.4185467952
26 0.3433767423
27 0.2747745962
28 0.2144024963
29 0.1631051506
30 0.1209713875
31 0.0874806149
32 0.0616917754
33 0.0424354034
34 0.0284796861
35 0.0186545013
36 0.0119294618
37 0.0074507850
225.0 100 0.25 3.00 578.004 0.00000 0.00745
20 0.3362572320
21 0.2595884432
22 0.1940451001
23 0.1404489714
24 0.0984484340
25 0.0668513135
26 0.0439949662
27 0.0280737687
28 0.0173795179
29 0.0104439019
30 0.0060958327
137.5 100 0.25 3.00 578.004 0.00000 0.00610
20 0.1258146620
21 0.0846575735
22 0.0549292426
23 0.0343896770
24 0.0207900006
25 0.0121455553
26 0.0068621693
93.75 100 0.25 3.00 578.004 0.00000 0.00686
20 0.0614548346
21 0.0380186084
22 0.0226438397
23 0.0129961268
24 0.0071944071
71.875 100 0.25 3.00 578.004 0.00000 0.00719
20 0.0399559223
21 0.0235972159
22 0.0134077188
23 0.0073368330
60.9375 100 0.25 3.00 578.004 0.00000 0.00734
20 0.0315655853
21 0.0181923221
22 0.0100841742
23 0.0053819293
55.46875 100 0.25 3.00 578.004 0.00000 0.00538
20 0.0279163281
21 0.0158892890
22 0.0086970531
52.734375 100 0.25 3.00 578.004 0.00001 0.00870
20 0.0262310414
21 0.0148369098
22 0.0080701241
51.3671875 100 0.25 3.00 578.004 0.00002 0.00807
22 0.6567428369
23 0.5783659146
24 0.4978947046
25 0.4185781043
26 0.3434064150
27 0.2748016765
28 0.2144263281
29 0.1631254003
30 0.1209880199
31 0.0874938356
32 0.0617019558
33 0.0424430051
34 0.0284851953
35 0.0186583800
36 0.0119321167
37 0.0074525531
225.0 95 0.25 3.00 578.004 0.00000 0.00745
22 0.1940709733
23 0.1404701287
24 0.0984650141
25 0.0668637869
26 0.0440039891
27 0.0280800539
28 0.0173837397
29 0.0104466400
30 0.0060975493
137.5 95 0.25 3.00 578.004 0.00000 0.00610
22 0.0549409784
23 0.0343977855
24 0.0207953694
25 0.0121489680
26 0.0068642551
93.75 95 0.25 3.00 578.004 0.00000 0.00686
22 0.0226499093
23 0.0129999356
24 0.0071966976
71.875 95 0.25 3.00 578.004 0.00000 0.00720
22 0.0134117415
23 0.0073392298
60.9375 95 0.25 3.00 578.004 0.00000 0.00734
22 0.0100873766
23 0.0053837865
55.46875 95 0.25 3.00 578.004 0.00000 0.00538
22 0.0086998991
52.734375 95 0.25 3.00 578.004 0.00001 0.00870
22 0.0080728100
51.3671875 95 0.25 3.00 578.004 0.00002 0.00807
22 0.6567749223
23 0.5784002899
24 0.4979299987
25 0.4186128924
26 0.3434393854
27 0.2748317669
28 0.2144528093
29 0.1631479016
30 0.1210065021
31 0.0875085269
32 0.0617132688
33 0.0424514526
34 0.0284913177
35 0.0186626904
36 0.0119350671
37 0.0074545180
225.0 90 0.25 3.00 578.004 0.00000 0.00745
22 0.1940997234
23 0.1404936390
24 0.0984834385
25 0.0668776481
26 0.0440140162
27 0.0280870388
28 0.0173884316
29 0.0104496829
30 0.0060994570
137.5 90 0.25 3.00 578.004 0.00000 0.00610
22 0.0549540202
23 0.0344067965
24 0.0208013361
25 0.0121527607
26 0.0068665732
93.75 90 0.25 3.00 578.004 0.00000 0.00687
22 0.0226566548
23 0.0130041686
24 0.0071992432
71.875 90 0.25 3.00 578.004 0.00000 0.00720
22 0.0134162124
23 0.0073418936
60.9375 90 0.25 3.00 578.004 0.00000 0.00734
22 0.0100909358
23 0.0053858507
55.46875 90 0.25 3.00 578.004 0.00000 0.00539
22 0.0087030621
52.734375 90 0.25 3.00 578.004 0.00001 0.00870
22 0.0080757952
51.3671875 90 0.25 3.00 578.004 0.00002 0.00808
22 0.6591871785
23 0.5809864638
24 0.5005871035
25 0.4212336746
26 0.3459249206
27 0.2771017286
28 0.2164518560
29 0.1648476611
30 0.1224036063
31 0.0886198229
32 0.0625696015
33 0.0430913220
34 0.0289553789
35 0.0189896319
36 0.0121590065
37 0.0076037603
225.0 85 0.25 3.00 579.957 0.00000 0.00760
22 0.1962712538
23 0.1422709833
24 0.0998775385
25 0.0679274022
26 0.0447740766
27 0.0286169685
28 0.0177447139
29 0.0106809588
30 0.0062445824
137.5 85 0.25 3.00 579.957 0.00000 0.00624
22 0.0559426321
23 0.0350905845
24 0.0212545819
25 0.0124411755
26 0.0070430421
93.75 85 0.25 3.00 579.957 0.00000 0.00704
22 0.0231691844
23 0.0133261701
24 0.0073931146
71.875 85 0.25 3.00 579.957 0.00000 0.00739
22 0.0137563739
23 0.0075448180
60.9375 85 0.25 3.00 579.957 0.00000 0.00754
22 0.0103619420
23 0.0055432227
55.46875 85 0.25 3.00 579.957 0.00000 0.00554
22 0.0089440161
52.734375 85 0.25 3.00 579.957 0.00001 0.00894
22 0.0083032838
51.3671875 85 0.25 3.00 579.957 0.00002 0.00830
22 0.6592273756
23 0.5810295884
24 0.5006314411
25 0.4212774359
26 0.3459664518
27 0.2771396836
28 0.2164853039
29 0.1648761206
30 0.1224270144
31 0.0886384550
32 0.0625839686
33 0.0431020647
34 0.0289631753
35 0.0189951284
36 0.0121627739
37 0.0076062727
225.0 80 0.25 3.00 579.957 0.00000 0.00761
22 0.1963076078
23 0.1423007647
24 0.0999009190
25 0.0679450234
26 0.0447868463
27 0.0286258797
28 0.0177507104
29 0.0106848549
30 0.0062470293
137.5 80 0.25 3.00 579.957 0.00000 0.00625
22 0.0559592422
23 0.0351020852
24 0.0212622131
25 0.0124460366
26 0.0070460195
93.75 80 0.25 3.00 579.957 0.00000 0.00705
22 0.0231778158
23 0.0133315991
24 0.0073963871
71.875 80 0.25 3.00 579.957 0.00000 0.00740
22 0.0137621102
23 0.0075482442
60.9375 80 0.25 3.00 579.957 0.00000 0.00755
22 0.0103665155
23 0.0055458819
55.46875 80 0.25 3.00 579.957 0.00000 0.00555
22 0.0089480844
52.734375 80 0.25 3.00 579.957 0.00001 0.00895
22 0.0083071261
51.3671875 80 0.25 3.00 579.957 0.00002 0.00831
22 0.6592729295
23 0.5810784610
24 0.5006816895
25 0.4213270323
26 0.3460135219
27 0.2771827016
28 0.2165232145
29 0.1649083781
30 0.1224535469
31 0.0886595745
32 0.0626002541
33 0.0431142422
34 0.0289720131
35 0.0190013592
36 0.0121670447
37 0.0076091210
225.0 75 0.25 3.00 579.957 0.00000 0.00761
22 0.1963488131
23 0.1423345213
24 0.0999274211
25 0.0679649979
26 0.0448013219
27 0.0286359817
28 0.0177575084
29 0.0106892718
30 0.0062498035
137.5 75 0.25 3.00 579.957 0.00000 0.00625
22 0.0559780712
23 0.0351151227
24 0.0212708644
25 0.0124515477
26 0.0070493952
93.75 75 0.25 3.00 579.957 0.00000 0.00705
22 0.0231876010
23 0.0133377541
24 0.0074000974
71.875 75 0.25 3.00 579.957 0.00000 0.00740
22 0.0137686137
23 0.0075521288
60.9375 75 0.25 3.00 579.957 0.00000 0.00755
22 0.0103717009
23 0.0055488969
55.46875 75 0.25 3.00 579.957 0.00000 0.00555
22 0.0089526970
52.734375 75 0.25 3.00 579.957 0.00001 0.00895
22 0.0083114825
51.3671875 75 0.25 3.00 579.957 0.00002 0.00831
22 0.6616925283
23 0.5836761177
24 0.5033543069
25 0.4239667843
26 0.3485205326
27 0.2794754632
28 0.2185451505
29 0.1666299931
30 0.1238705847
31 0.0897882952
32 0.0634712244
33 0.0437659550
34 0.0294453216
35 0.0193352798
36 0.0123960829
37 0.0077619737
225.0 70 0.25 3.00 581.909 0.00000 0.00776
22 0.1985476868
23 0.1441375267
24 0.1013442275
25 0.0690337951
26 0.0455765810
27 0.0291774938
28 0.0181222416
29 0.0109264652
30 0.0063989135
137.5 70 0.25 3.00 581.909 0.00000 0.00640
22 0.0569865058
23 0.0358141263
24 0.0217351954
25 0.0127476539
26 0.0072309610
93.75 70 0.25 3.00 581.909 0.00000 0.00723
22 0.0237129122
23 0.0136685697
24 0.0075997487
71.875 70 0.25 3.00 581.909 0.00000 0.00760
22 0.0141182269
23 0.0077612135
60.9375 70 0.25 3.00 581.909 0.00000 0.00776
22 0.0106506675
23 0.0057113075
55.46875 70 0.25 3.00 581.909 0.00000 0.00571
22 0.0092009734
52.734375 70 0.25 3.00 581.909 0.00001 0.00920
22 0.0085460548
51.3671875 70 0.25 3.00 581.909 0.00002 0.00855
22 0.6641112710
23 0.5862763585
24 0.5060331922
25 0.4266162969
26 0.3510402078
27 0.2817829158
28 0.2205827876
29 0.1683673176
30 0.1253024820
31 0.0909303908
32 0.0643537042
33 0.0444271708
34 0.0299261795
35 0.0196749843
36 0.0126294025
37 0.0079178939
225.0 65 0.25 3.00 583.862 0.00000 0.00792
22 0.2007660232
23 0.1459597040
24 0.1027786284
25 0.0701177765
26 0.0463642430
27 0.0297286410
28 0.0184941202
29 0.0111687325
30 0.0065514822
137.5 65 0.25 3.00 583.862 0.00000 0.00655
22 0.0580111111
23 0.0365258226
24 0.0222089459
25 0.0130503981
26 0.0074169850
93.75 65 0.25 3.00 583.862 0.00000 0.00742
22 0.0242491176
23 0.0140070226
24 0.0078044789
71.875 65 0.25 3.00 583.862 0.00000 0.00780
22 0.0144760475
23 0.0079757245
60.9375 65 0.25 3.00 583.862 0.00000 0.00798
22 0.0109366113
23 0.0058781943
55.46875 65 0.25 3.00 583.862 0.00000 0.00588
22 0.0094557042
52.734375 65 0.25 3.00 583.862 0.00001 0.00946
22 0.0087869026
51.3671875 65 0.25 3.00 583.862 0.00002 0.00879
22 0.6641808377
23 0.5863511972
24 0.5061103480
25 0.4266926596
26 0.3511128789
27 0.2818495123
28 0.2206416376
29 0.1684175289
30 0.1253438948
31 0.0909634449
32 0.0643792623
33 0.0444463340
34 0.0299401253
35 0.0196848432
36 0.0126361786
37 0.0079224253
225.0 60 0.25 3.00 583.862 0.00000 0.00792
22 0.2008301272
23 0.1460124079
24 0.1028201541
25 0.0701491860
26 0.0463870870
27 0.0297446401
28 0.0185049252
29 0.0111757780
30 0.0065559231
137.5 60 0.25 3.00 583.862 0.00000 0.00656
22 0.0580408274
23 0.0365464858
24 0.0222227154
25 0.0130592068
26 0.0074224034
93.75 60 0.25 3.00 583.862 0.00000 0.00742
22 0.0242647059
23 0.0140168735
24 0.0078104448
71.875 60 0.25 3.00 583.862 0.00000 0.00781
22 0.0144864641
23 0.0079819769
60.9375 60 0.25 3.00 583.862 0.00000 0.00798
22 0.0109449419
23 0.0058830626
55.46875 60 0.25 3.00 583.862 0.00000 0.00588
22 0.0094631292
52.734375 60 0.25 3.00 583.862 0.00001 0.00946
22 0.0087939256
51.3671875 60 0.25 3.00 583.862 0.00002 0.00879
22 0.6666128937
23 0.5889693969
24 0.5088114974
25 0.4293679182
26 0.3536605869
27 0.2841858906
28 0.2227076955
29 0.1701815425
30 0.1267998170
31 0.0921263226
32 0.0652790534
33 0.0451214609
34 0.0304317846
35 0.0200326628
36 0.0128754052
37 0.0080825158
225.0 55 0.25 3.00 585.815 0.00000 0.00808
22 0.2030818722
23 0.1478654037
24 0.1042814777
25 0.0712555288
26 0.0471924650
27 0.0303092123
28 0.0188865575
29 0.0114248534
30 0.0067130656
137.5 55 0.25 3.00 585.815 0.00000 0.00671
22 0.0590885012
23 0.0372757766
24 0.0227092257
25 0.0133707762
26 0.0076142634
93.75 55 0.25 3.00 585.815 0.00000 0.00761
22 0.0248155996
23 0.0143654236
24 0.0080217837
71.875 55 0.25 3.00 585.815 0.00000 0.00802
22 0.0148551026
23 0.0082035259
60.9375 55 0.25 3.00 585.815 0.00000 0.00820
22 0.0112399866
23 0.0060557034
55.46875 55 0.25 3.00 585.815 0.00000 0.00606
22 0.0097262335
52.734375 55 0.25 3.00 585.815 0.00001 0.00973
22 0.0090428852
51.3671875 55 0.25 3.00 585.815 0.00002 0.00904
22 0.6690521040
23 0.5915988823
24 0.5115279927
25 0.4320620475
26 0.3562297676
27 0.2865451762
28 0.2247968578
29 0.1719677173
30 0.1282760419
31 0.0933070257
32 0.0661938841
33 0.0458088092
34 0.0309330272
35 0.0203877460
36 0.0131199609
37 0.0082463960
225.0 50 0.25 3.00 587.767 0.00000 0.00825
22 0.2053612041
23 0.1497444503
24 0.1057659915
25 0.0723814351
26 0.0480135481
27 0.0308858216
28 0.0192770224
29 0.0116801485
30 0.0068744196
137.5 50 0.25 3.00 587.767 0.00000 0.00687
22 0.0601566117
23 0.0380208628
24 0.0232073224
25 0.0136904390
26 0.0078115226
93.75 50 0.25 3.00 587.767 0.00000 0.00781
22 0.0253798534
23 0.0147232558
24 0.0082392545
71.875 50 0.25 3.00 587.767 0.00000 0.00824
22 0.0152336990
23 0.0084316156
60.9375 50 0.25 3.00 587.767 0.00000 0.00843
22 0.0115434607
23 0.0062337227
55.46875 50 0.25 3.00 587.767 0.00000 0.00623
22 0.0099971270
52.734375 50 0.25 3.00 587.767 0.00001 0.01000
22 0.0092994188
51.3671875 50 0.25 3.00 587.767 0.00003 0.00930
22 0.6715036346
23 0.5942452794
24 0.5142657148
25 0.4347809587
26 0.3588261424
27 0.2889327094
28 0.2269139378
29 0.1737802473
30 0.1297761064
31 0.0945084443
32 0.0671260441
33 0.0465101397
34 0.0314451689
35 0.0207510485
36 0.0133705213
37 0.0084145306
225.0 45 0.25 3.00 589.72 0.00000 0.00841
22 0.2076734131
23 0.1516540243
24 0.1072773329
25 0.0735297475
26 0.0488524753
27 0.0314760203
28 0.0196774076
29 0.0119424000
30 0.0070404680
137.5 45 0.25 3.00 589.72 0.00000 0.00704
22 0.0612479253
23 0.0387837509
24 0.0237184024
25 0.0140191305
26 0.0080147839
93.75 45 0.25 3.00 589.72 0.00000 0.00801
22 0.0259590570
23 0.0150914263
24 0.0084635310
71.875 45 0.25 3.00 589.72 0.00000 0.00846
22 0.0156233772
23 0.0086669587
60.9375 45 0.25 3.00 589.72 0.00000 0.00867
22 0.0118562930
23 0.0064176948
55.46875 45 0.25 3.00 589.72 0.00000 0.00642
22 0.0102766614
23 0.0054938755
52.734375 45 0.25 3.00 589.72 0.00001 0.00549
22 0.0095643572
51.3671875 45 0.25 3.00 589.72 0.00003 0.00956
22 0.6762891728
23 0.5994217492
24 0.5196317491
25 0.4401210010
26 0.3639359304
27 0.2936410830
28 0.2310974875
29 0.1773692952
30 0.1327525015
31 0.0968971450
32 0.0689831851
33 0.0479102567
34 0.0324696856
35 0.0214793059
36 0.0138738093
37 0.0087529453
225.0 40 0.25 3.00 593.625 0.00000 0.00875
22 0.2122495204
23 0.1554433681
24 0.1102844398
25 0.0758206437
26 0.0505306187
27 0.0326597778
28 0.0204826054
29 0.0124712140
30 0.0073761906
137.5 40 0.25 3.00 593.625 0.00000 0.00738
22 0.0634308348
23 0.0403145451
24 0.0247471649
25 0.0146828511
26 0.0084265237
93.75 40 0.25 3.00 593.625 0.00000 0.00843
22 0.0271256472
23 0.0158355470
24 0.0089183995
71.875 40 0.25 3.00 593.625 0.00000 0.00892
22 0.0164113901
23 0.0091446147
60.9375 40 0.25 3.00 593.625 0.00000 0.00914
22 0.0124903434
23 0.0067919730
55.46875 40 0.25 3.00 593.625 0.00000 0.00679
22 0.0108441155
23 0.0058244664
52.734375 40 0.25 3.00 593.625 0.00001 0.00582
22 0.0101028860
23 0.0053942187
51.3671875 40 0.25 3.00 593.625 0.00002 0.00539
23 0.6046171095
24 0.5250319705
25 0.4455096384
26 0.3691062012
27 0.2984181075
28 0.2353535465
29 0.1810304503
30 0.1357969289
31 0.0993470708
32 0.0708930921
33 0.0493540593
34 0.0335290338
35 0.0222343647
36 0.0143970344
37 0.0091057201
225.0 35 0.25 3.00 597.531 0.00000 0.00911
23 0.1593196620
24 0.1133714446
25 0.0781807394
26 0.0522655769
27 0.0338879478
28 0.0213209723
29 0.0130237624
30 0.0077282238
137.5 35 0.25 3.00 597.531 0.00000 0.00773
23 0.0419036174
24 0.0258195602
25 0.0153776162
26 0.0088593248
93.75 35 0.25 3.00 597.531 0.00000 0.00886
23 0.0166153876
24 0.0093972950
71.875 35 0.25 3.00 597.531 0.00000 0.00940
23 0.0096479669
60.9375 35 0.25 3.00 597.531 0.00000 0.00965
23 0.0071876264
55.46875 35 0.25 3.00 597.531 0.00000 0.00719
23 0.0061747417
52.734375 35 0.25 3.00 597.531 0.00001 0.00617
23 0.0057254059
51.3671875 35 0.25 3.00 597.531 0.00003 0.00573
23 0.6098525312
24 0.5304887128
25 0.4509695640
26 0.3743591956
27 0.3032848347
28 0.2397013819
29 0.1847807801
30 0.1389240368
31 0.1018704127
32 0.0728656117
33 0.0508492715
34 0.0346291021
35 0.0230205911
36 0.0149433473
37 0.0094750685
225.0 30 0.25 3.00 601.436 0.00000 0.00948
23 0.1633013055
24 0.1165536646
25 0.0806223123
26 0.0540668367
27 0.0351676031
28 0.0221976015
29 0.0136035905
30 0.0080989556
137.5 30 0.25 3.00 601.436 0.00000 0.00810
23 0.0435600898
24 0.0269421489
25 0.0161079628
26 0.0093162075
93.75 30 0.25 3.00 601.436 0.00000 0.00932
23 0.0174360992
24 0.0099036221
71.875 30 0.25 3.00 601.436 0.00000 0.00990
23 0.0101806342
24 0.0055194921
60.9375 30 0.25 3.00 601.436 0.00000 0.00552
23 0.0076076515
55.46875 30 0.25 3.00 601.436 0.00000 0.00761
23 0.0065475024
52.734375 30 0.25 3.00 601.436 0.00001 0.00655
23 0.0060786781
51.3671875 30 0.25 3.00 601.436 0.00003 0.00608
23 0.6200736046
24 0.5411852320
25 0.4617159077
26 0.3847403747
27 0.3129418578
28 0.2483639495
29 0.1922833680
30 0.1452053917
31 0.1069596908
32 0.0768601979
33 0.0538896280
34 0.0368751204
35 0.0246324016
36 0.0160679037
37 0.0102384654
38 0.0063750656
225.0 25 0.25 3.00 609.246 0.00000 0.00638
23 0.1712983049
24 0.1229790796
25 0.0855785066
26 0.0577427384
27 0.0377929750
28 0.0240057133
29 0.0148059145
30 0.0088718075
137.5 25 0.25 3.00 609.246 0.00000 0.00887
23 0.0469605415
24 0.0292611344
25 0.0176261774
26 0.0102719423
27 0.0057956357
93.75 25 0.25 3.00 609.246 0.00000 0.00580
23 0.0191449140
24 0.0109651527
25 0.0060652236
71.875 25 0.25 3.00 609.246 0.00000 0.00607
23 0.0112988468
24 0.0061801618
60.9375 25 0.25 3.00 609.246 0.00000 0.00618
23 0.0084936212
55.46875 25 0.25 3.00 609.246 0.00000 0.00849
23 0.0073368880
52.734375 25 0.25 3.00 609.246 0.00002 0.00734
23 0.0068298280
51.3671875 25 0.25 3.00 609.246 0.00005 0.00683
23 0.6327743851
24 0.5545575656
25 0.4752321779
26 0.3978767284
27 0.3252361642
28 0.2594592892
29 0.2019514171
30 0.1533489738
31 0.1135979363
32 0.0821022883
33 0.0579037760
34 0.0398585714
35 0.0267864575
36 0.0175799400
37 0.0112711551
38 0.0070618134
225.0 20 0.25 3.00 619.01 0.00000 0.00706
23 0.1816617157
24 0.1313718554
25 0.0921035370
26 0.0626205935
27 0.0413044340
28 0.0264432705
29 0.0164396617
30 0.0099303162
137.5 20 0.25 3.00 619.01 0.00000 0.00993
23 0.0515115165
24 0.0323937531
25 0.0196962505
26 0.0115872711
27 0.0066004514
93.75 20 0.25 3.00 619.01 0.00000 0.00660
23 0.0214800370
24 0.0124306517
25 0.0069481756
71.875 20 0.25 3.00 619.01 0.00000 0.00695
23 0.0128454325
24 0.0071037963
60.9375 20 0.25 3.00 619.01 0.00000 0.00710
23 0.0097278368
55.46875 20 0.25 3.00 619.01 0.00001 0.00973
23 0.0084439040
52.734375 20 0.25 3.00 619.01 0.00004 0.00844
23 0.0078910799
51.3671875 20 0.25 3.00 619.01 0.00008 0.00789
23 0.6573899916
24 0.5807345754
25 0.5019565252
26 0.4241108896
27 0.3500356790
28 0.2820656816
29 0.2218483309
30 0.1702776602
31 0.1275367787
32 0.0932208397
33 0.0665040460
34 0.0463153714
35 0.0314955778
36 0.0209190761
37 0.0135749063
38 0.0086094233
225.0 15 0.25 3.00 638.536 0.00000 0.00861
23 0.2031732114
24 0.1490216445
25 0.1060059542
26 0.0731503525
27 0.0489845323
28 0.0318449835
29 0.0201079792
30 0.0123385004
31 0.0073612892
137.5 15 0.25 3.00 638.536 0.00000 0.00736
23 0.0614686348
24 0.0393541216
25 0.0243673240
26 0.0146015435
27 0.0084736012
93.75 15 0.25 3.00 638.536 0.00000 0.00847
23 0.0267660135
24 0.0158048068
25 0.0090159050
71.875 15 0.25 3.00 638.536 0.00000 0.00902
23 0.0164162132
24 0.0092746862
60.9375 15 0.25 3.00 638.536 0.00000 0.00927
23 0.0126134352
24 0.0069649697
55.46875 15 0.25 3.00 638.536 0.00001 0.00696
23 0.0110704441
24 0.0060518904
52.734375 15 0.25 3.00 638.536 0.00007 0.00605
23 0.0104564036
24 0.0057049765
51.3671875 15 0.25 3.00 638.536 0.00016 0.00570
24 0.6312714590
25 0.5545699454
26 0.4767823864
27 0.4008152184
28 0.3292754611
29 0.2642281990
30 0.2070556805
31 0.1584255777
32 0.1183541546
33 0.0863356988
34 0.0615043093
35 0.0427969479
36 0.0290947703
37 0.0193298787
38 0.0125540349
39 0.0079728446
225.0 10 0.25 3.00 677.589 0.00000 0.00797
24 0.1881416242
25 0.1376212092
26 0.0977201653
27 0.0673734849
28 0.0451176517
29 0.0293583651
30 0.0185712329
31 0.0114256938
32 0.0068403097
137.5 10 0.25 3.00 677.589 0.00000 0.00684
24 0.0565025058
25 0.0362305602
26 0.0224938659
27 0.0135303454
28 0.0078903243
93.75 10 0.25 3.00 677.589 0.00000 0.00789
24 0.0247052883
25 0.0146557747
26 0.0084096910
71.875 10 0.25 3.00 677.589 0.00000 0.00841
24 0.0152338076
25 0.0086627311
60.9375 10 0.25 3.00 677.589 0.00000 0.00866
24 0.0118201220
25 0.0065858383
55.46875 10 0.25 3.00 677.589 0.00006 0.00659
24 0.0107537739
25 0.0060045937
52.734375 10 0.25 3.00 677.589 0.00038 0.00600
24 0.0108201357
25 0.0061774420
51.3671875 10 0.25 3.00 677.589 0.00096 0.00618
25 0.7253740341
26 0.6577492051
27 0.5855688376
28 0.5112775766
29 0.4374503754
30 0.3665298699
31 0.3005993044
32 0.2412229546
33 0.1893696752
34 0.1454181467
35 0.1092286443
36 0.0802580914
37 0.0576932787
38 0.0405803316
39 0.0279348064
40 0.0188240684
41 0.0124201415
42 0.0080260029
225.0 5 0.25 3.00 820.131 0.00000 0.00803
25 0.2912852011
26 0.2267630192
27 0.1718342858
28 0.1267426641
29 0.0910028605
30 0.0636195968
31 0.0433157739
32 0.0287315896
33 0.0185732552
34 0.0117057675
35 0.0071956885
137.5 5 0.25 3.00 820.131 0.00000 0.00720
25 0.1152813310
26 0.0802727059
27 0.0542511173
28 0.0356002816
29 0.0226933555
30 0.0140591160
31 0.0084694621
93.75 5 0.25 3.00 820.131 0.00000 0.00847
25 0.0608328711
26 0.0396632010
27 0.0250716136
28 0.0153732353
29 0.0091494070
71.875 5 0.25 3.00 820.131 0.00000 0.00915
25 0.0441602657
26 0.0281287688
27 0.0174523784
28 0.0105787876
29 0.0062905828
60.9375 5 0.25 3.00 820.131 0.00084 0.00629
