26 0.0071470230
93.75 100 0.25 5.00 578.004 0.00028 0.00715
26 0.0071494492
93.75 95 0.25 5.00 578.004 0.00029 0.00715
26 0.0071521461
93.75 90 0.25 5.00 578.004 0.00029 0.00715
26 0.0073586130
93.75 85 0.25 5.00 579.957 0.00032 0.00736
26 0.0073621167
93.75 80 0.25 5.00 579.957 0.00032 0.00736
26 0.0073660899
93.75 75 0.25 5.00 579.957 0.00032 0.00737
26 0.0075811078
93.75 70 0.25 5.00 581.909 0.00035 0.00758
26 0.0078041887
93.75 65 0.25 5.00 583.862 0.00039 0.00780
26 0.0078107303
93.75 60 0.25 5.00 583.862 0.00039 0.00781
26 0.0080440265
93.75 55 0.25 5.00 585.815 0.00043 0.00804
26 0.0082873972
93.75 50 0.25 5.00 587.767 0.00048 0.00829
26 0.0085421167
93.75 45 0.25 5.00 589.72 0.00053 0.00854
26 0.0090713589
93.75 40 0.25 5.00 593.625 0.00064 0.00907
26 0.0096487855
93.75 35 0.25 5.00 597.531 0.00079 0.00965
